width: 640
height: 480
# calibration: [fx, fy, cx, cy, k1, k2, p1, p2, k3]
calibration: [601.84980697, 618.32765916, 337.25963710, 184.14445755, 0.23432455, -0.56745409, -0.06253570, 0.00764208, 0.90135366]
